
uos_colours <- c("#440099","#9ADBE8","#131E29",
                 "#005A8F",
                 "#00BBCC",
                 "#64CBE8",
                 "#00CE7C",
                 "#3BD4AE",
                 "#A1DED2",
                 "#663DB3",
                 "#981F92",
                 "#DAA8E2",
                 "#E7004C",
                 "#FF6371",
                 "#FF9664"
)

uos_colours <- as.character(uos_colours)